Run 1
0, 100000000, 0, 1, 0, 1.0, 1.0, 30
4.0, 1.0106557377049181, 1, 1, 60.0, 1.0, 1.0, 30
10.0, 1.0082590563414833, 1, 1, 60.0, 0.7, 0.4, 800
21.0, 1.007106101445724, 1, 1, 60.0, 0.9, 0.9, 1600
70.0, 1.0176966971317019, 2, 1, 60.0, 0.9, 0.9, 1600
78.0, 1.01633682854962, 2, 1, 60.0, 1.0, 0.2, 3600
207.0, 1.0158437533469535, 2, 1, 60.0, 1.0, 0.4, 3600
211.0, 1.006654071187193, 3, 1, 60.0, 1.0, 0.4, 3600
217.0, 1.0105907719355085, 4, 1, 60.0, 1.0, 0.4, 3600
222.0, 1.00975794341147, 5, 1, 60.0, 1.0, 0.4, 3600
241.0, 1.0101451901617062, 6, 1, 60.0, 1.0, 0.4, 3600
245.0, 1.0095701560015187, 7, 1, 60.0, 1.0, 0.4, 3600
253.0, 1.0117112651421054, 8, 1, 60.0, 1.0, 0.4, 3600
259.0, 1.0121502975911871, 9, 1, 60.0, 1.0, 0.4, 3600
263.0, 1.0115779307636001, 10, 1, 60.0, 1.0, 0.4, 3600
268.0, 1.0094594558639705, 11, 1, 60.0, 1.0, 0.4, 3600
286.0, 1.0102420623994102, 12, 1, 60.0, 1.0, 0.4, 3600
289.0, 1.0085522658200456, 13, 1, 60.0, 1.0, 0.4, 3600
294.0, 1.0085313222858627, 14, 1, 60.0, 1.0, 0.4, 3600
302.0, 1.009742502741886, 15, 1, 60.0, 1.0, 0.4, 3600
308.0, 1.0105336509567966, 16, 1, 60.0, 1.0, 0.4, 3600
324.0, 1.0109601197580187, 17, 1, 60.0, 1.0, 0.4, 3600
327.0, 1.0107082591778687, 18, 1, 60.0, 1.0, 0.4, 3600
330.0, 1.0104667692758962, 19, 1, 60.0, 1.0, 0.4, 3600
347.0, 1.0106593362218843, 20, 1, 60.0, 1.0, 0.4, 3600
351.0, 1.0095934014907313, 21, 1, 60.0, 1.0, 0.4, 3600
359.0, 1.0097010524451544, 22, 1, 60.0, 1.0, 0.4, 3600
365.0, 1.01056768952981, 23, 1, 60.0, 1.0, 0.4, 3600
368.0, 1.0103951453542062, 24, 1, 60.0, 1.0, 0.4, 3600
372.0, 1.0103097017936973, 25, 1, 60.0, 1.0, 0.4, 3600
377.0, 1.0107594066691636, 26, 1, 60.0, 1.0, 0.4, 3600
470.0, 1.0105989334338359, 27, 1, 60.0, 1.0, 0.4, 3600
474.0, 1.0098016396279015, 28, 1, 60.0, 1.0, 0.4, 3600
482.0, 1.010345291904647, 29, 1, 60.0, 1.0, 0.4, 3600
500.0, 1.0106364210493177, 30, 1, 60.0, 1.0, 0.4, 3600
519.0, 1.0107551851508128, 31, 1, 60.0, 1.0, 0.4, 3600
527.0, 1.0113030635154023, 32, 1, 60.0, 1.0, 0.4, 3600
531.0, 1.0106052345260772, 33, 1, 60.0, 1.0, 0.4, 3600
535.0, 1.0102599583857519, 34, 1, 60.0, 1.0, 0.4, 3600
539.0, 1.0101504346980252, 35, 1, 60.0, 1.0, 0.4, 3600
545.0, 1.01030354921152, 36, 1, 60.0, 1.0, 0.4, 3600
561.0, 1.0105526852793936, 37, 1, 60.0, 1.0, 0.4, 3600
567.0, 1.0108644797241584, 38, 1, 60.0, 1.0, 0.4, 3600
570.0, 1.0107976739963975, 39, 1, 60.0, 1.0, 0.4, 3600
574.0, 1.0106883978793704, 40, 1, 60.0, 1.0, 0.4, 3600
578.0, 1.0101417224888412, 41, 1, 60.0, 1.0, 0.4, 3600
586.0, 1.0101745800279267, 42, 1, 60.0, 1.0, 0.4, 3600
589.0, 1.009665280652107, 43, 1, 60.0, 1.0, 0.4, 3600
597.0, 1.0100112939973183, 44, 1, 60.0, 1.0, 0.4, 3600
597.0, 1.0100112939973183, 44, 1, 60.0, 1.0, 0.4, 3600
936.0, 1.0099316347821625, 45, 2, 60.0, 1.0, 0.4, 3600
942.0, 1.0100562200517642, 46, 2, 60.0, 1.0, 0.4, 3600
947.0, 1.0100179825260136, 47, 2, 60.0, 1.0, 0.4, 3600
965.0, 1.0102067571868212, 48, 2, 60.0, 1.0, 0.4, 3600
973.0, 1.0105757477098998, 49, 2, 60.0, 1.0, 0.4, 3600
977.0, 1.0104927653420082, 50, 2, 60.0, 1.0, 0.4, 3600
995.0, 1.010661126144023, 51, 2, 60.0, 1.0, 0.4, 3600
998.0, 1.0106149324939744, 52, 2, 60.0, 1.0, 0.4, 3600
1001.0, 1.010193418802912, 53, 2, 60.0, 1.0, 0.4, 3600
1007.0, 1.0103679013145215, 54, 2, 60.0, 1.0, 0.4, 3600
1013.0, 1.0106770767273414, 55, 2, 60.0, 1.0, 0.4, 3600
1020.0, 1.010930876568664, 56, 2, 60.0, 1.0, 0.4, 3600
1025.0, 1.0108840025295907, 57, 2, 60.0, 1.0, 0.4, 3600
1596.0, 1.0110252984557144, 58, 2, 60.0, 1.0, 0.4, 3600
1600.0, 1.0109473549109618, 59, 2, 60.0, 1.0, 0.4, 3600
1604.0, 1.0105694774435736, 60, 2, 60.0, 1.0, 0.4, 3600
1610.0, 1.0106529705540699, 61, 2, 60.0, 1.0, 0.4, 3600
1618.0, 1.0109008233781167, 62, 2, 60.0, 1.0, 0.4, 3600
1621.0, 1.0105416786716017, 63, 2, 60.0, 1.0, 0.4, 3600
1625.0, 1.0104773810254097, 64, 2, 60.0, 1.0, 0.4, 3600
1643.0, 1.0105505235470371, 65, 2, 60.0, 1.0, 0.4, 3600
1647.0, 1.010515804346953, 66, 2, 60.0, 1.0, 0.4, 3600
1666.0, 1.0106436157185623, 67, 2, 60.0, 1.0, 0.4, 3600
1674.0, 1.0108697367468922, 68, 2, 60.0, 1.0, 0.4, 3600
1678.0, 1.0108053438855649, 69, 2, 60.0, 1.0, 0.4, 3600
1682.0, 1.010768968349221, 70, 2, 60.0, 1.0, 0.4, 3600
1686.0, 1.0104521477649737, 71, 2, 60.0, 1.0, 0.4, 3600
1692.0, 1.0106181022985221, 72, 2, 60.0, 1.0, 0.4, 3600
1710.0, 1.0107340072840874, 73, 2, 60.0, 1.0, 0.4, 3600
1716.0, 1.0108006093097597, 74, 2, 60.0, 1.0, 0.4, 3600
1716.0, 1.0108006093097597, 74, 2, 60.0, 1.0, 0.4, 3600
2267.0, 1.0107422895765004, 75, 4, 60.0, 1.0, 0.4, 3600
2275.0, 1.0109433100510856, 76, 4, 60.0, 1.0, 0.4, 3600
2279.0, 1.010893476173094, 77, 4, 60.0, 1.0, 0.4, 3600
2383.0, 1.0106034919512297, 78, 4, 60.0, 1.0, 0.4, 3600
2387.0, 1.0105738155511064, 79, 4, 60.0, 1.0, 0.4, 3600
2390.0, 1.0102950766925634, 80, 4, 60.0, 1.0, 0.4, 3600
2398.0, 1.0104557803617278, 81, 4, 60.0, 1.0, 0.4, 3600
2415.0, 1.010560943604204, 82, 4, 60.0, 1.0, 0.4, 3600
2421.0, 1.010703593370183, 83, 4, 60.0, 1.0, 0.4, 3600
2425.0, 1.0106526771314346, 84, 4, 60.0, 1.0, 0.4, 3600
2429.0, 1.010602958921833, 85, 4, 60.0, 1.0, 0.4, 3600
2434.0, 1.010343328083994, 86, 4, 60.0, 1.0, 0.4, 3600
2441.0, 1.0104819205678615, 87, 4, 60.0, 1.0, 0.4, 3600
2458.0, 1.0105846440128046, 88, 4, 60.0, 1.0, 0.4, 3600
2462.0, 1.0105585138142503, 89, 4, 60.0, 1.0, 0.4, 3600
2470.0, 1.0107378528732722, 90, 4, 60.0, 1.0, 0.4, 3600
2476.0, 1.0108660179425821, 91, 4, 60.0, 1.0, 0.4, 3600
2480.0, 1.0108177637183726, 92, 4, 60.0, 1.0, 0.4, 3600
2483.0, 1.0107902507358255, 93, 4, 60.0, 1.0, 0.4, 3600
2487.0, 1.0105507236733982, 94, 4, 60.0, 1.0, 0.4, 3600
2495.0, 1.0107207058360594, 95, 4, 60.0, 1.0, 0.4, 3600
2511.0, 1.0108077731319838, 96, 4, 60.0, 1.0, 0.4, 3600
2517.0, 1.010857822452106, 97, 4, 60.0, 1.0, 0.4, 3600
2524.0, 1.0109665673136186, 98, 4, 60.0, 1.0, 0.4, 3600
2527.0, 1.0109392187179405, 99, 4, 60.0, 1.0, 0.4, 3600
2545.0, 1.01095064076989, 100, 4, 60.0, 1.0, 0.4, 3600
2549.0, 1.0109058485772704, 101, 4, 60.0, 1.0, 0.4, 3600
2549.0, 1.0109058485772704, 101, 4, 60.0, 1.0, 0.4, 3600
3425.0, 1.0103459539728594, 101, 5, 60.0, 0.6, 0.4, 4000
3425.0, 1.0103459539728594, 101, 5, 60.0, 0.6, 0.4, 4000
3601.0, 1.0103459539728594, 101, 7, 60.0, 0.6, 0.4, 4000
