Run 1
0, 100000000, 0, 1, 0, Dpx, 1.0, 1.0, 50, BinaryTournament
9.0, 1.1172338348039925, 1, 1, 260.0, Dpx, 1.0, 1.0, 50, BinaryTournament
30.0, 1.0321699582788675, 1, 1, 260.0, Ux, 0.7, 0.4, 300, LinearRank
118.0, 1.0245493889598223, 1, 1, 260.0, Ux, 0.8, 1.0, 300, BinaryTournament
312.0, 1.0437896405856044, 2, 1, 260.0, Ux, 0.8, 1.0, 300, BinaryTournament
387.0, 1.0471815086789757, 3, 1, 260.0, Ux, 0.8, 1.0, 300, BinaryTournament
432.0, 1.0618437164774552, 4, 1, 260.0, Ux, 0.8, 1.0, 300, BinaryTournament
466.0, 1.0494749731819641, 5, 1, 260.0, Ux, 0.8, 1.0, 300, BinaryTournament
1116.0, 1.044827313702774, 5, 1, 260.0, Ux, 0.9, 0.3, 300, BinaryTournament
1158.0, 1.043232124849051, 6, 1, 260.0, Ux, 0.9, 0.3, 300, BinaryTournament
1247.0, 1.0452600310242157, 7, 1, 260.0, Ux, 0.9, 0.3, 300, BinaryTournament
1260.0, 1.0396025271461888, 8, 1, 260.0, Ux, 0.9, 0.3, 300, BinaryTournament
1374.0, 1.0395008891068112, 9, 1, 260.0, Ux, 0.9, 0.3, 300, BinaryTournament
1406.0, 1.043179990140264, 10, 1, 260.0, Ux, 0.9, 0.3, 300, BinaryTournament
1443.0, 1.0420666971330361, 11, 1, 260.0, Ux, 0.9, 0.3, 300, BinaryTournament
1460.0, 1.045303157678315, 12, 1, 260.0, Ux, 0.9, 0.3, 300, BinaryTournament
1482.0, 1.0463363214686563, 13, 1, 260.0, Ux, 0.9, 0.3, 300, BinaryTournament
1493.0, 1.0456695769018385, 14, 1, 260.0, Ux, 0.9, 0.3, 300, BinaryTournament
1517.0, 1.0444751565928951, 15, 1, 260.0, Ux, 0.9, 0.3, 300, BinaryTournament
1709.0, 1.0438225688463334, 16, 1, 260.0, Ux, 0.9, 0.3, 300, BinaryTournament
1721.0, 1.0461295316008146, 17, 1, 260.0, Ux, 0.9, 0.3, 300, BinaryTournament
1754.0, 1.0463181157639734, 18, 1, 260.0, Ux, 0.9, 0.3, 300, BinaryTournament
1771.0, 1.0493485979992865, 19, 1, 260.0, Ux, 0.9, 0.3, 300, BinaryTournament
1784.0, 1.0546124735492588, 20, 1, 260.0, Ux, 0.9, 0.3, 300, BinaryTournament
1803.0, 1.0576423439507565, 21, 1, 260.0, Ux, 0.9, 0.3, 300, BinaryTournament
2261.0, 1.0572844427947456, 22, 1, 260.0, Ux, 0.9, 0.3, 300, BinaryTournament
2274.0, 1.0576900669589986, 23, 1, 260.0, Ux, 0.9, 0.3, 300, BinaryTournament
2300.0, 1.0552863141690403, 24, 1, 260.0, Ux, 0.9, 0.3, 300, BinaryTournament
2436.0, 1.0548129236743844, 25, 1, 260.0, Ux, 0.9, 0.3, 300, BinaryTournament
2455.0, 1.0527047343022926, 26, 1, 260.0, Ux, 0.9, 0.3, 300, BinaryTournament
2470.0, 1.0533194622902184, 27, 1, 260.0, Ux, 0.9, 0.3, 300, BinaryTournament
2492.0, 1.0547207600718325, 28, 1, 260.0, Ux, 0.9, 0.3, 300, BinaryTournament
2525.0, 1.0542571220165549, 29, 1, 260.0, Ux, 0.9, 0.3, 300, BinaryTournament
2537.0, 1.055992955902343, 30, 1, 260.0, Ux, 0.9, 0.3, 300, BinaryTournament
2608.0, 1.056769160721934, 31, 1, 260.0, Ux, 0.9, 0.3, 300, BinaryTournament
2623.0, 1.0559425226394188, 32, 1, 260.0, Ux, 0.9, 0.3, 300, BinaryTournament
2744.0, 1.055668974149803, 33, 1, 260.0, Ux, 0.9, 0.3, 300, BinaryTournament
2756.0, 1.058579478115948, 34, 1, 260.0, Ux, 0.9, 0.3, 300, BinaryTournament
2788.0, 1.0578764031821677, 35, 1, 260.0, Ux, 0.9, 0.3, 300, BinaryTournament
2822.0, 1.0568529879489508, 36, 1, 260.0, Ux, 0.9, 0.3, 300, BinaryTournament
2833.0, 1.0563164719917686, 37, 1, 260.0, Ux, 0.9, 0.3, 300, BinaryTournament
2855.0, 1.0561377239535028, 38, 1, 260.0, Ux, 0.9, 0.3, 300, BinaryTournament
2877.0, 1.056204302491945, 39, 1, 260.0, Ux, 0.9, 0.3, 300, BinaryTournament
2891.0, 1.0559556248720647, 40, 1, 260.0, Ux, 0.9, 0.3, 300, BinaryTournament
2912.0, 1.055562194254108, 41, 1, 260.0, Ux, 0.9, 0.3, 300, BinaryTournament
2965.0, 1.055520984318359, 42, 1, 260.0, Ux, 0.9, 0.3, 300, BinaryTournament
2981.0, 1.0564028828912069, 43, 1, 260.0, Ux, 0.9, 0.3, 300, BinaryTournament
3025.0, 1.0567701517652854, 44, 1, 260.0, Ux, 0.9, 0.3, 300, BinaryTournament
3039.0, 1.0563388550475294, 45, 1, 260.0, Ux, 0.9, 0.3, 300, BinaryTournament
3039.0, 1.0563388550475294, 45, 1, 260.0, Ux, 0.9, 0.3, 300, BinaryTournament
6059.0, 1.048831708605953, 45, 2, 260.0, Px, 0.9, 0.3, 350, LinearRank
6059.0, 1.048831708605953, 45, 2, 260.0, Px, 0.9, 0.3, 350, LinearRank
11007.0, 1.048644422563593, 46, 4, 260.0, Px, 0.9, 0.3, 350, LinearRank
11059.0, 1.0483085697211765, 47, 4, 260.0, Px, 0.9, 0.3, 350, LinearRank
11176.0, 1.048495591026167, 48, 4, 260.0, Px, 0.9, 0.3, 350, LinearRank
11210.0, 1.0475058850868575, 49, 4, 260.0, Px, 0.9, 0.3, 350, LinearRank
11233.0, 1.0480879786445516, 50, 4, 260.0, Px, 0.9, 0.3, 350, LinearRank
11310.0, 1.0481454321942365, 51, 4, 260.0, Px, 0.9, 0.3, 350, LinearRank
11331.0, 1.0472195584981936, 52, 4, 260.0, Px, 0.9, 0.3, 350, LinearRank
11363.0, 1.0474266497476605, 53, 4, 260.0, Px, 0.9, 0.3, 350, LinearRank
11382.0, 1.0494118249189766, 54, 4, 260.0, Px, 0.9, 0.3, 350, LinearRank
11405.0, 1.0485134281022679, 55, 4, 260.0, Px, 0.9, 0.3, 350, LinearRank
11424.0, 1.0490848565094266, 56, 4, 260.0, Px, 0.9, 0.3, 350, LinearRank
11445.0, 1.04957246290339, 57, 4, 260.0, Px, 0.9, 0.3, 350, LinearRank
11471.0, 1.0497432000715883, 58, 4, 260.0, Px, 0.9, 0.3, 350, LinearRank
11500.0, 1.0495100687859011, 59, 4, 260.0, Px, 0.9, 0.3, 350, LinearRank
11550.0, 1.0493031194941251, 60, 4, 260.0, Px, 0.9, 0.3, 350, LinearRank
11762.0, 1.0489471431664195, 61, 4, 260.0, Px, 0.9, 0.3, 350, LinearRank
11779.0, 1.0486912422354164, 62, 4, 260.0, Px, 0.9, 0.3, 350, LinearRank
11832.0, 1.048249660417547, 63, 4, 260.0, Px, 0.9, 0.3, 350, LinearRank
11856.0, 1.048834457604181, 64, 4, 260.0, Px, 0.9, 0.3, 350, LinearRank
11874.0, 1.0491079859267716, 65, 4, 260.0, Px, 0.9, 0.3, 350, LinearRank
11962.0, 1.048920473157164, 66, 4, 260.0, Px, 0.9, 0.3, 350, LinearRank
11995.0, 1.0484500129444834, 67, 4, 260.0, Px, 0.9, 0.3, 350, LinearRank
12041.0, 1.0486087004236746, 68, 4, 260.0, Px, 0.9, 0.3, 350, LinearRank
13815.0, 1.0486262292553532, 69, 4, 260.0, Px, 0.9, 0.3, 350, LinearRank
13836.0, 1.0492664634510027, 70, 4, 260.0, Px, 0.9, 0.3, 350, LinearRank
13866.0, 1.049399813077788, 71, 4, 260.0, Px, 0.9, 0.3, 350, LinearRank
13890.0, 1.0487137045628188, 72, 4, 260.0, Px, 0.9, 0.3, 350, LinearRank
13925.0, 1.0480463935414102, 73, 4, 260.0, Px, 0.9, 0.3, 350, LinearRank
14044.0, 1.0483138796277884, 74, 4, 260.0, Px, 0.9, 0.3, 350, LinearRank
14084.0, 1.048128164384284, 75, 4, 260.0, Px, 0.9, 0.3, 350, LinearRank
14102.0, 1.0479817661362432, 76, 4, 260.0, Px, 0.9, 0.3, 350, LinearRank
14146.0, 1.0475122557054866, 77, 4, 260.0, Px, 0.9, 0.3, 350, LinearRank
14168.0, 1.0481011065676062, 78, 4, 260.0, Px, 0.9, 0.3, 350, LinearRank
14190.0, 1.0480777659489875, 79, 4, 260.0, Px, 0.9, 0.3, 350, LinearRank
14214.0, 1.0487146404716723, 80, 4, 260.0, Px, 0.9, 0.3, 350, LinearRank
14320.0, 1.0488629235317053, 81, 4, 260.0, Px, 0.9, 0.3, 350, LinearRank
14443.0, 1.0489998954947797, 82, 4, 260.0, Px, 0.9, 0.3, 350, LinearRank
14474.0, 1.0484095353080956, 83, 4, 260.0, Px, 0.9, 0.3, 350, LinearRank
14499.0, 1.0483513060787377, 84, 4, 260.0, Px, 0.9, 0.3, 350, LinearRank
14535.0, 1.0482188567281565, 85, 4, 260.0, Px, 0.9, 0.3, 350, LinearRank
14697.0, 1.0481413967188171, 86, 4, 260.0, Px, 0.9, 0.3, 350, LinearRank
14913.0, 1.0479080745301153, 87, 4, 260.0, Px, 0.9, 0.3, 350, LinearRank
14913.0, 1.0479080745301153, 87, 4, 260.0, Px, 0.9, 0.3, 350, LinearRank
15982.0, 1.047600841725337, 88, 5, 260.0, Px, 0.9, 0.3, 350, LinearRank
18061.0, 1.047926793649452, 89, 5, 260.0, Px, 0.9, 0.3, 350, LinearRank
18100.0, 1.0480468769083775, 90, 5, 260.0, Px, 0.9, 0.3, 350, LinearRank
18145.0, 1.0482094330576714, 91, 5, 260.0, Px, 0.9, 0.3, 350, LinearRank
18165.0, 1.0485105277763134, 92, 5, 260.0, Px, 0.9, 0.3, 350, LinearRank
18192.0, 1.0479889091980734, 93, 5, 260.0, Px, 0.9, 0.3, 350, LinearRank
18214.0, 1.0478758548392242, 94, 5, 260.0, Px, 0.9, 0.3, 350, LinearRank
18258.0, 1.0478644111690678, 95, 5, 260.0, Px, 0.9, 0.3, 350, LinearRank
18303.0, 1.0476549201388452, 96, 5, 260.0, Px, 0.9, 0.3, 350, LinearRank
18325.0, 1.0471636323023623, 97, 5, 260.0, Px, 0.9, 0.3, 350, LinearRank
18347.0, 1.0481273096260633, 98, 5, 260.0, Px, 0.9, 0.3, 350, LinearRank
18466.0, 1.0484612297181783, 99, 5, 260.0, Px, 0.9, 0.3, 350, LinearRank
18488.0, 1.0486427554067221, 100, 5, 260.0, Px, 0.9, 0.3, 350, LinearRank
18526.0, 1.0481611439670515, 101, 5, 260.0, Px, 0.9, 0.3, 350, LinearRank
18551.0, 1.0486050800355198, 102, 5, 260.0, Px, 0.9, 0.3, 350, LinearRank
18644.0, 1.0485214208533464, 103, 5, 260.0, Px, 0.9, 0.3, 350, LinearRank
18663.0, 1.0484106562060374, 104, 5, 260.0, Px, 0.9, 0.3, 350, LinearRank
18694.0, 1.0481834060417876, 105, 5, 260.0, Px, 0.9, 0.3, 350, LinearRank
18717.0, 1.0483553621032846, 106, 5, 260.0, Px, 0.9, 0.3, 350, LinearRank
18737.0, 1.0485260016964553, 107, 5, 260.0, Px, 0.9, 0.3, 350, LinearRank
18765.0, 1.0491004395453447, 108, 5, 260.0, Px, 0.9, 0.3, 350, LinearRank
18785.0, 1.0500685649531738, 109, 5, 260.0, Px, 0.9, 0.3, 350, LinearRank
18822.0, 1.0497906577945642, 110, 5, 260.0, Px, 0.9, 0.3, 350, LinearRank
18948.0, 1.0500910082921846, 111, 5, 260.0, Px, 0.9, 0.3, 350, LinearRank
18975.0, 1.0499866531641877, 112, 5, 260.0, Px, 0.9, 0.3, 350, LinearRank
19030.0, 1.0498381675703656, 113, 5, 260.0, Px, 0.9, 0.3, 350, LinearRank
19258.0, 1.0496854055377902, 114, 5, 260.0, Px, 0.9, 0.3, 350, LinearRank
19258.0, 1.0496854055377902, 114, 5, 260.0, Px, 0.9, 0.3, 350, LinearRank
28985.0, 1.0449881266633638, 114, 6, 260.0, Px, 0.9, 0.1, 400, RouletteWheel
28985.0, 1.0449881266633638, 114, 6, 260.0, Px, 0.9, 0.1, 400, RouletteWheel
44385.0, 1.043728218959693, 114, 8, 260.0, Px, 1.0, 0.4, 500, BinaryTournament
44385.0, 1.043728218959693, 114, 8, 260.0, Px, 1.0, 0.4, 500, BinaryTournament
44385.0, 1.043728218959693, 114, 9, 260.0, Px, 1.0, 0.4, 500, BinaryTournament
