        3000        3000          32
           3
         365         185       14180
         378         200       16632
         410         165       15560
         425         148       11951
         425         296       27676
         439         116        9166
         464        1006      112028
         520         205       24518
         520         350       45500
         540         530       62964
         549        1413      155147
         549        1882      206644
         553         496       63086
         555         755      104756
         555         496       66067
         555         659       91436
         567         473       50956
         572         592       57566
         572         975      105963
         572        1175      181467
         572        1575      252252
         572        1390      206721
         572        1490      170456
         572        1590      209180
         572        1690      241670
         572        1890      259459
         610         625       83875
         660         490       64680
         690         447       58602
         949         445       92907
         949         478      104333
         970         463       85331

