180
4000 2000
201  207
277  450
612  640
244  407
695  554
278  648
540  381
522  528
638  628
259  221
255  477
638  221
284  335
491  546
592  243
411  451
474  307
318  399
664  600
308  460
632  557
229  285
467  647
200  366
323  231
251  506
517  510
505  427
635  390
358  617
424  556
546  216
401  547
370  640
516  292
220  235
530  389
523  201
438  532
279  221
460  404
680  460
340  657
321  682
495  362
370  490
556  555
318  400
547  349
626  486
417  547
245  442
552  308
312  444
576  410
654  425
562  296
396  212
502  295
262  567
294  403
374  539
526  633
386  274
640  544
295  526
570  360
296  297
413  562
591  605
470  523
325  204
336  370
671  451
518  617
307  696
547  556
470  462
615  211
666  534
631  678
415  691
687  206
246  582
441  693
515  381
237  296
206  241
242  214
513  491
691  454
554  285
414  567
319  347
416  543
647  367
255  336
667  315
558  349
245  209
643  356
207  640
586  643
439  242
559  356
476  328
686  582
531  210
261  200
458  229
394  534
202  512
600  441
683  698
609  654
529  283
263  627
573  478
377  287
204  492
446  574
477  205
582  536
511  569
228  549
615  660
446  552
400  320
662  578
365  668
467  402
233  663
349  318
612  288
688  568
536  427
503  209
603  676
443  420
320  248
284  348
517  262
470  237
318  321
411  300
692  643
521  603
206  527
311  290
233  318
374  256
635  686
335  479
429  666
376  225
653  480
297  285
204  300
421  318
355  284
353  442
535  697
486  304
318  430
487  262
562  236
631  366
676  681
616  290
326  534
593  638
388  412
592  315
343  235
376  422
544  278
594  434
469  617
465  409
279  372
