Run 1
0, 100000000, 0, 1, 0, Dpx, 1.0, 1.0, 50, BinaryTournament
8.0, 1.0897602659694083, 1, 1, 260.0, Dpx, 1.0, 1.0, 50, BinaryTournament
15.0, 1.050772082582225, 1, 1, 260.0, Ux, 0.7, 0.4, 300, LinearRank
32.0, 1.0420355847879248, 1, 1, 260.0, Px, 0.7, 0.4, 450, LinearRank
41.0, 1.0245493889598223, 1, 1, 260.0, Ux, 0.8, 1.0, 300, BinaryTournament
120.0, 1.0335619702961893, 2, 1, 260.0, Ux, 0.8, 1.0, 300, BinaryTournament
168.0, 1.0438155249191323, 3, 1, 260.0, Ux, 0.8, 1.0, 300, BinaryTournament
237.0, 1.0416915376586724, 3, 1, 260.0, Ux, 0.6, 0.9, 300, BinaryTournament
241.0, 1.0577262382122274, 4, 1, 260.0, Ux, 0.6, 0.9, 300, BinaryTournament
358.0, 1.046048169235727, 4, 1, 260.0, Ux, 0.7, 0.9, 300, BinaryTournament
365.0, 1.0368385353885816, 5, 1, 260.0, Ux, 0.7, 0.9, 300, BinaryTournament
370.0, 1.0415954866139547, 6, 1, 260.0, Ux, 0.7, 0.9, 300, BinaryTournament
404.0, 1.043901260940217, 7, 1, 260.0, Ux, 0.7, 0.9, 300, BinaryTournament
406.0, 1.0384136033226898, 8, 1, 260.0, Ux, 0.7, 0.9, 300, BinaryTournament
423.0, 1.03908238888909, 9, 1, 260.0, Ux, 0.7, 0.9, 300, BinaryTournament
442.0, 1.0388834611281144, 10, 1, 260.0, Ux, 0.7, 0.9, 300, BinaryTournament
568.0, 1.0378140359475965, 11, 1, 260.0, Ux, 0.7, 0.9, 300, BinaryTournament
574.0, 1.0414048849249953, 12, 1, 260.0, Ux, 0.7, 0.9, 300, BinaryTournament
580.0, 1.0427379158502075, 13, 1, 260.0, Ux, 0.7, 0.9, 300, BinaryTournament
581.0, 1.042328200256136, 14, 1, 260.0, Ux, 0.7, 0.9, 300, BinaryTournament
594.0, 1.0421613182081162, 15, 1, 260.0, Ux, 0.7, 0.9, 300, BinaryTournament
731.0, 1.0412663837139686, 16, 1, 260.0, Ux, 0.7, 0.9, 300, BinaryTournament
734.0, 1.0435750328427442, 17, 1, 260.0, Ux, 0.7, 0.9, 300, BinaryTournament
753.0, 1.0437535702500567, 18, 1, 260.0, Ux, 0.7, 0.9, 300, BinaryTournament
757.0, 1.0468110050760218, 19, 1, 260.0, Ux, 0.7, 0.9, 300, BinaryTournament
760.0, 1.0518382130086186, 20, 1, 260.0, Ux, 0.7, 0.9, 300, BinaryTournament
763.0, 1.0525670279490993, 21, 1, 260.0, Ux, 0.7, 0.9, 300, BinaryTournament
767.0, 1.0524398229749818, 22, 1, 260.0, Ux, 0.7, 0.9, 300, BinaryTournament
769.0, 1.0530560827835722, 23, 1, 260.0, Ux, 0.7, 0.9, 300, BinaryTournament
776.0, 1.0508454126675901, 24, 1, 260.0, Ux, 0.7, 0.9, 300, BinaryTournament
846.0, 1.0510863664488215, 25, 1, 260.0, Ux, 0.7, 0.9, 300, BinaryTournament
853.0, 1.0491215062007897, 26, 1, 260.0, Ux, 0.7, 0.9, 300, BinaryTournament
856.0, 1.048172927260391, 27, 1, 260.0, Ux, 0.7, 0.9, 300, BinaryTournament
862.0, 1.0481784986161773, 28, 1, 260.0, Ux, 0.7, 0.9, 300, BinaryTournament
868.0, 1.048582101600524, 29, 1, 260.0, Ux, 0.7, 0.9, 300, BinaryTournament
871.0, 1.0491763898325217, 30, 1, 260.0, Ux, 0.7, 0.9, 300, BinaryTournament
915.0, 1.0498008728886208, 31, 1, 260.0, Ux, 0.7, 0.9, 300, BinaryTournament
920.0, 1.0491919938008967, 32, 1, 260.0, Ux, 0.7, 0.9, 300, BinaryTournament
1025.0, 1.0491561450270517, 33, 1, 260.0, Ux, 0.7, 0.9, 300, BinaryTournament
1028.0, 1.0522582027909246, 34, 1, 260.0, Ux, 0.7, 0.9, 300, BinaryTournament
1081.0, 1.0516135405419567, 35, 1, 260.0, Ux, 0.7, 0.9, 300, BinaryTournament
1099.0, 1.051142508117133, 36, 1, 260.0, Ux, 0.7, 0.9, 300, BinaryTournament
1099.0, 1.051142508117133, 36, 1, 260.0, Ux, 0.7, 0.9, 300, BinaryTournament
2978.0, 1.0482784302479418, 36, 3, 260.0, Ux, 0.7, 0.5, 200, RouletteWheel
2978.0, 1.0482784302479418, 36, 3, 260.0, Ux, 0.7, 0.5, 200, RouletteWheel
3086.0, 1.0479736590934896, 37, 4, 260.0, Ux, 0.7, 0.5, 200, RouletteWheel
3104.0, 1.0479407668224043, 38, 4, 260.0, Ux, 0.7, 0.5, 200, RouletteWheel
3112.0, 1.0489765641055904, 39, 4, 260.0, Ux, 0.7, 0.5, 200, RouletteWheel
3116.0, 1.0489841038046832, 40, 4, 260.0, Ux, 0.7, 0.5, 200, RouletteWheel
4187.0, 1.0487607102859309, 41, 4, 260.0, Ux, 0.7, 0.5, 200, RouletteWheel
4353.0, 1.0488920669455475, 42, 4, 260.0, Ux, 0.7, 0.5, 200, RouletteWheel
4358.0, 1.0499281263875304, 43, 4, 260.0, Ux, 0.7, 0.5, 200, RouletteWheel
4396.0, 1.05029249283879, 44, 4, 260.0, Ux, 0.7, 0.5, 200, RouletteWheel
4399.0, 1.0491748818868167, 45, 4, 260.0, Ux, 0.7, 0.5, 200, RouletteWheel
4403.0, 1.0495539887712895, 46, 4, 260.0, Ux, 0.7, 0.5, 200, RouletteWheel
4415.0, 1.0491763408176216, 47, 4, 260.0, Ux, 0.7, 0.5, 200, RouletteWheel
4481.0, 1.04928403670428, 48, 4, 260.0, Ux, 0.7, 0.5, 200, RouletteWheel
4488.0, 1.0482782400368458, 49, 4, 260.0, Ux, 0.7, 0.5, 200, RouletteWheel
4494.0, 1.0485995604820104, 50, 4, 260.0, Ux, 0.7, 0.5, 200, RouletteWheel
4601.0, 1.048591818242201, 51, 4, 260.0, Ux, 0.7, 0.5, 200, RouletteWheel
4605.0, 1.0476573601990817, 52, 4, 260.0, Ux, 0.7, 0.5, 200, RouletteWheel
4613.0, 1.0472126298296118, 53, 4, 260.0, Ux, 0.7, 0.5, 200, RouletteWheel
4616.0, 1.0490671211980998, 54, 4, 260.0, Ux, 0.7, 0.5, 200, RouletteWheel
4621.0, 1.0487262052141606, 55, 4, 260.0, Ux, 0.7, 0.5, 200, RouletteWheel
4624.0, 1.0493389682580598, 56, 4, 260.0, Ux, 0.7, 0.5, 200, RouletteWheel
4628.0, 1.0500024377870985, 57, 4, 260.0, Ux, 0.7, 0.5, 200, RouletteWheel
4630.0, 1.0497731883744315, 58, 4, 260.0, Ux, 0.7, 0.5, 200, RouletteWheel
4634.0, 1.0497215030255809, 59, 4, 260.0, Ux, 0.7, 0.5, 200, RouletteWheel
4650.0, 1.0491397248887349, 60, 4, 260.0, Ux, 0.7, 0.5, 200, RouletteWheel
4820.0, 1.049098185122984, 61, 4, 260.0, Ux, 0.7, 0.5, 200, RouletteWheel
4822.0, 1.0489030837102455, 62, 4, 260.0, Ux, 0.7, 0.5, 200, RouletteWheel
4833.0, 1.0486305469426422, 63, 4, 260.0, Ux, 0.7, 0.5, 200, RouletteWheel
4837.0, 1.0492093927773216, 64, 4, 260.0, Ux, 0.7, 0.5, 200, RouletteWheel
4839.0, 1.0494771528664792, 65, 4, 260.0, Ux, 0.7, 0.5, 200, RouletteWheel
4853.0, 1.049548125378463, 66, 4, 260.0, Ux, 0.7, 0.5, 200, RouletteWheel
4853.0, 1.049548125378463, 66, 4, 260.0, Ux, 0.7, 0.5, 200, RouletteWheel
8407.0, 1.0421016666598355, 66, 6, 260.0, Ux, 1.0, 0.1, 450, RouletteWheel
8407.0, 1.0421016666598355, 66, 6, 260.0, Ux, 1.0, 0.1, 450, RouletteWheel
9659.0, 1.0417329796784585, 67, 8, 260.0, Ux, 1.0, 0.1, 450, RouletteWheel
9709.0, 1.0415349868994572, 68, 8, 260.0, Ux, 1.0, 0.1, 450, RouletteWheel
9752.0, 1.0416049927888382, 69, 8, 260.0, Ux, 1.0, 0.1, 450, RouletteWheel
9758.0, 1.0423441078501594, 70, 8, 260.0, Ux, 1.0, 0.1, 450, RouletteWheel
9768.0, 1.0424150953389464, 71, 8, 260.0, Ux, 1.0, 0.1, 450, RouletteWheel
9776.0, 1.0418259967925723, 72, 8, 260.0, Ux, 1.0, 0.1, 450, RouletteWheel
9784.0, 1.0412530379323999, 73, 8, 260.0, Ux, 1.0, 0.1, 450, RouletteWheel
9843.0, 1.0414713542021266, 74, 8, 260.0, Ux, 1.0, 0.1, 450, RouletteWheel
9864.0, 1.0413697171584544, 75, 8, 260.0, Ux, 1.0, 0.1, 450, RouletteWheel
9867.0, 1.041000221010169, 76, 8, 260.0, Ux, 1.0, 0.1, 450, RouletteWheel
10871.0, 1.0408807965158668, 77, 8, 260.0, Ux, 1.0, 0.1, 450, RouletteWheel
10877.0, 1.0415546660855457, 78, 8, 260.0, Ux, 1.0, 0.1, 450, RouletteWheel
10881.0, 1.041493290209177, 79, 8, 260.0, Ux, 1.0, 0.1, 450, RouletteWheel
10887.0, 1.0416053461852313, 80, 8, 260.0, Ux, 1.0, 0.1, 450, RouletteWheel
10917.0, 1.041723201728916, 81, 8, 260.0, Ux, 1.0, 0.1, 450, RouletteWheel
10989.0, 1.0419307568683214, 82, 8, 260.0, Ux, 1.0, 0.1, 450, RouletteWheel
10997.0, 1.0414255670265344, 83, 8, 260.0, Ux, 1.0, 0.1, 450, RouletteWheel
11001.0, 1.0411186505617218, 84, 8, 260.0, Ux, 1.0, 0.1, 450, RouletteWheel
11018.0, 1.0407651383280676, 85, 8, 260.0, Ux, 1.0, 0.1, 450, RouletteWheel
11112.0, 1.0408441609575945, 86, 8, 260.0, Ux, 1.0, 0.1, 450, RouletteWheel
11249.0, 1.0407883855645936, 87, 8, 260.0, Ux, 1.0, 0.1, 450, RouletteWheel
11269.0, 1.0407540578427552, 88, 8, 260.0, Ux, 1.0, 0.1, 450, RouletteWheel
11278.0, 1.0408338263371195, 89, 8, 260.0, Ux, 1.0, 0.1, 450, RouletteWheel
11286.0, 1.04103272034396, 90, 8, 260.0, Ux, 1.0, 0.1, 450, RouletteWheel
11312.0, 1.0407253964150416, 91, 8, 260.0, Ux, 1.0, 0.1, 450, RouletteWheel
11316.0, 1.041004585025318, 92, 8, 260.0, Ux, 1.0, 0.1, 450, RouletteWheel
11325.0, 1.0405636755089167, 93, 8, 260.0, Ux, 1.0, 0.1, 450, RouletteWheel
11328.0, 1.0403231826980845, 94, 8, 260.0, Ux, 1.0, 0.1, 450, RouletteWheel
11340.0, 1.0404200338963958, 95, 8, 260.0, Ux, 1.0, 0.1, 450, RouletteWheel
11350.0, 1.0401236969354606, 96, 8, 260.0, Ux, 1.0, 0.1, 450, RouletteWheel
11353.0, 1.0397100505753012, 97, 8, 260.0, Ux, 1.0, 0.1, 450, RouletteWheel
11357.0, 1.0408826634163564, 98, 8, 260.0, Ux, 1.0, 0.1, 450, RouletteWheel
11393.0, 1.0407260984380393, 99, 8, 260.0, Ux, 1.0, 0.1, 450, RouletteWheel
11393.0, 1.0407260984380393, 99, 8, 260.0, Ux, 1.0, 0.1, 450, RouletteWheel
11487.0, 1.040721002960233, 100, 9, 260.0, Ux, 1.0, 0.1, 450, RouletteWheel
11495.0, 1.040317824713102, 101, 9, 260.0, Ux, 1.0, 0.1, 450, RouletteWheel
11502.0, 1.0408386560683736, 102, 9, 260.0, Ux, 1.0, 0.1, 450, RouletteWheel
11606.0, 1.0409525727234927, 103, 9, 260.0, Ux, 1.0, 0.1, 450, RouletteWheel
11608.0, 1.0409145854620476, 104, 9, 260.0, Ux, 1.0, 0.1, 450, RouletteWheel
11615.0, 1.0407430168265395, 105, 9, 260.0, Ux, 1.0, 0.1, 450, RouletteWheel
12259.0, 1.0411182092989604, 106, 9, 260.0, Ux, 1.0, 0.1, 450, RouletteWheel
12261.0, 1.0413564858342277, 107, 9, 260.0, Ux, 1.0, 0.1, 450, RouletteWheel
12268.0, 1.0414369086152726, 108, 9, 260.0, Ux, 1.0, 0.1, 450, RouletteWheel
12272.0, 1.0417733269662859, 109, 9, 260.0, Ux, 1.0, 0.1, 450, RouletteWheel
12284.0, 1.0415833111548618, 110, 9, 260.0, Ux, 1.0, 0.1, 450, RouletteWheel
12313.0, 1.0416603460027851, 111, 9, 260.0, Ux, 1.0, 0.1, 450, RouletteWheel
12331.0, 1.0415978105317627, 112, 9, 260.0, Ux, 1.0, 0.1, 450, RouletteWheel
12357.0, 1.0415235624833603, 113, 9, 260.0, Ux, 1.0, 0.1, 450, RouletteWheel
12434.0, 1.0414655637193277, 114, 9, 260.0, Ux, 1.0, 0.1, 450, RouletteWheel
12453.0, 1.0414484686458436, 115, 9, 260.0, Ux, 1.0, 0.1, 450, RouletteWheel
12461.0, 1.0414957687132766, 116, 9, 260.0, Ux, 1.0, 0.1, 450, RouletteWheel
12513.0, 1.0413827234311663, 117, 9, 260.0, Ux, 1.0, 0.1, 450, RouletteWheel
12515.0, 1.0410320223851395, 118, 9, 260.0, Ux, 1.0, 0.1, 450, RouletteWheel
12520.0, 1.0412514451109678, 119, 9, 260.0, Ux, 1.0, 0.1, 450, RouletteWheel
12528.0, 1.0409076830683766, 120, 9, 260.0, Ux, 1.0, 0.1, 450, RouletteWheel
12532.0, 1.040569603043018, 121, 9, 260.0, Ux, 1.0, 0.1, 450, RouletteWheel
12570.0, 1.0404906207808684, 122, 9, 260.0, Ux, 1.0, 0.1, 450, RouletteWheel
12580.0, 1.0403870651018994, 123, 9, 260.0, Ux, 1.0, 0.1, 450, RouletteWheel
12659.0, 1.0404015123085824, 124, 9, 260.0, Ux, 1.0, 0.1, 450, RouletteWheel
12664.0, 1.0403719479849332, 125, 9, 260.0, Ux, 1.0, 0.1, 450, RouletteWheel
12690.0, 1.0402970417871222, 126, 9, 260.0, Ux, 1.0, 0.1, 450, RouletteWheel
12698.0, 1.0400776372449598, 127, 9, 260.0, Ux, 1.0, 0.1, 450, RouletteWheel
12704.0, 1.0401057807813208, 128, 9, 260.0, Ux, 1.0, 0.1, 450, RouletteWheel
12708.0, 1.0404003600688745, 129, 9, 260.0, Ux, 1.0, 0.1, 450, RouletteWheel
12712.0, 1.0407089220599073, 130, 9, 260.0, Ux, 1.0, 0.1, 450, RouletteWheel
12762.0, 1.0407485586885947, 131, 9, 260.0, Ux, 1.0, 0.1, 450, RouletteWheel
12762.0, 1.0407485586885947, 131, 9, 260.0, Ux, 1.0, 0.1, 450, RouletteWheel
20410.0, 1.0407954277626816, 132, 15, 260.0, Ux, 1.0, 0.1, 450, RouletteWheel
20578.0, 1.0407782966882837, 133, 15, 260.0, Ux, 1.0, 0.1, 450, RouletteWheel
20582.0, 1.0404739810413564, 134, 15, 260.0, Ux, 1.0, 0.1, 450, RouletteWheel
20593.0, 1.0403186091633174, 135, 15, 260.0, Ux, 1.0, 0.1, 450, RouletteWheel
20597.0, 1.0403442832826242, 136, 15, 260.0, Ux, 1.0, 0.1, 450, RouletteWheel
20603.0, 1.040471919098547, 137, 15, 260.0, Ux, 1.0, 0.1, 450, RouletteWheel
20632.0, 1.0404192804171246, 138, 15, 260.0, Ux, 1.0, 0.1, 450, RouletteWheel
20635.0, 1.0402240914205174, 139, 15, 260.0, Ux, 1.0, 0.1, 450, RouletteWheel
20688.0, 1.040302781042848, 140, 15, 260.0, Ux, 1.0, 0.1, 450, RouletteWheel
20690.0, 1.0404893840040519, 141, 15, 260.0, Ux, 1.0, 0.1, 450, RouletteWheel
20708.0, 1.0404483064635184, 142, 15, 260.0, Ux, 1.0, 0.1, 450, RouletteWheel
20716.0, 1.0401654511735638, 143, 15, 260.0, Ux, 1.0, 0.1, 450, RouletteWheel
20723.0, 1.039886524429303, 144, 15, 260.0, Ux, 1.0, 0.1, 450, RouletteWheel
20952.0, 1.0400996395029694, 145, 15, 260.0, Ux, 1.0, 0.1, 450, RouletteWheel
20966.0, 1.0400150753438235, 146, 15, 260.0, Ux, 1.0, 0.1, 450, RouletteWheel
20993.0, 1.040075731942981, 147, 15, 260.0, Ux, 1.0, 0.1, 450, RouletteWheel
20999.0, 1.0404363190443853, 148, 15, 260.0, Ux, 1.0, 0.1, 450, RouletteWheel
21001.0, 1.0403684024204731, 149, 15, 260.0, Ux, 1.0, 0.1, 450, RouletteWheel
21008.0, 1.0406472314195838, 150, 15, 260.0, Ux, 1.0, 0.1, 450, RouletteWheel
21030.0, 1.0406573620443618, 151, 15, 260.0, Ux, 1.0, 0.1, 450, RouletteWheel
21037.0, 1.0409863355651836, 152, 15, 260.0, Ux, 1.0, 0.1, 450, RouletteWheel
21041.0, 1.040718451019006, 153, 15, 260.0, Ux, 1.0, 0.1, 450, RouletteWheel
21045.0, 1.040895740662355, 154, 15, 260.0, Ux, 1.0, 0.1, 450, RouletteWheel
21054.0, 1.0408089805317144, 155, 15, 260.0, Ux, 1.0, 0.1, 450, RouletteWheel
21057.0, 1.040547384502665, 156, 15, 260.0, Ux, 1.0, 0.1, 450, RouletteWheel
21063.0, 1.040639070054949, 157, 15, 260.0, Ux, 1.0, 0.1, 450, RouletteWheel
21087.0, 1.0405844598681944, 158, 15, 260.0, Ux, 1.0, 0.1, 450, RouletteWheel
21099.0, 1.0406764994718383, 159, 15, 260.0, Ux, 1.0, 0.1, 450, RouletteWheel
21101.0, 1.0408386075912177, 160, 15, 260.0, Ux, 1.0, 0.1, 450, RouletteWheel
21134.0, 1.0409368072346576, 161, 15, 260.0, Ux, 1.0, 0.1, 450, RouletteWheel
21138.0, 1.0410940537860516, 162, 15, 260.0, Ux, 1.0, 0.1, 450, RouletteWheel
21288.0, 1.041037892197983, 163, 15, 260.0, Ux, 1.0, 0.1, 450, RouletteWheel
21296.0, 1.0410738518581664, 164, 15, 260.0, Ux, 1.0, 0.1, 450, RouletteWheel
21378.0, 1.0411019055659914, 165, 15, 260.0, Ux, 1.0, 0.1, 450, RouletteWheel
21382.0, 1.0408543037252322, 166, 15, 260.0, Ux, 1.0, 0.1, 450, RouletteWheel
21382.0, 1.0408543037252322, 166, 15, 260.0, Ux, 1.0, 0.1, 450, RouletteWheel
22113.0, 1.041389744737977, 167, 16, 260.0, Ux, 1.0, 0.1, 450, RouletteWheel
22118.0, 1.0412173811677063, 168, 16, 260.0, Ux, 1.0, 0.1, 450, RouletteWheel
22128.0, 1.041230043106872, 169, 16, 260.0, Ux, 1.0, 0.1, 450, RouletteWheel
22178.0, 1.0411808036707728, 170, 16, 260.0, Ux, 1.0, 0.1, 450, RouletteWheel
22185.0, 1.041147724796145, 171, 16, 260.0, Ux, 1.0, 0.1, 450, RouletteWheel
22192.0, 1.0409084938380277, 172, 16, 260.0, Ux, 1.0, 0.1, 450, RouletteWheel
22210.0, 1.0407576633234428, 173, 16, 260.0, Ux, 1.0, 0.1, 450, RouletteWheel
22271.0, 1.0408977297328852, 174, 16, 260.0, Ux, 1.0, 0.1, 450, RouletteWheel
22274.0, 1.0407399599052045, 175, 16, 260.0, Ux, 1.0, 0.1, 450, RouletteWheel
22319.0, 1.0407897162103985, 176, 16, 260.0, Ux, 1.0, 0.1, 450, RouletteWheel
22325.0, 1.0410411337117131, 177, 16, 260.0, Ux, 1.0, 0.1, 450, RouletteWheel
22342.0, 1.0408770232019169, 178, 16, 260.0, Ux, 1.0, 0.1, 450, RouletteWheel
22345.0, 1.0408471198103386, 179, 16, 260.0, Ux, 1.0, 0.1, 450, RouletteWheel
22407.0, 1.0407772439819831, 180, 16, 260.0, Ux, 1.0, 0.1, 450, RouletteWheel
22423.0, 1.0407836651136182, 181, 16, 260.0, Ux, 1.0, 0.1, 450, RouletteWheel
22429.0, 1.0411021407171004, 182, 16, 260.0, Ux, 1.0, 0.1, 450, RouletteWheel
22438.0, 1.0408775388552582, 183, 16, 260.0, Ux, 1.0, 0.1, 450, RouletteWheel
22826.0, 1.0407831493767516, 184, 16, 260.0, Ux, 1.0, 0.1, 450, RouletteWheel
22828.0, 1.0409227745075398, 185, 16, 260.0, Ux, 1.0, 0.1, 450, RouletteWheel
22832.0, 1.0410598066261039, 186, 16, 260.0, Ux, 1.0, 0.1, 450, RouletteWheel
22840.0, 1.0411431018631259, 187, 16, 260.0, Ux, 1.0, 0.1, 450, RouletteWheel
22845.0, 1.0409242555766198, 188, 16, 260.0, Ux, 1.0, 0.1, 450, RouletteWheel
23017.0, 1.0409190848669512, 189, 16, 260.0, Ux, 1.0, 0.1, 450, RouletteWheel
23021.0, 1.0407037212623882, 190, 16, 260.0, Ux, 1.0, 0.1, 450, RouletteWheel
23120.0, 1.0407195801481786, 191, 16, 260.0, Ux, 1.0, 0.1, 450, RouletteWheel
23151.0, 1.0407675371556433, 192, 16, 260.0, Ux, 1.0, 0.1, 450, RouletteWheel
23155.0, 1.040736157509155, 193, 16, 260.0, Ux, 1.0, 0.1, 450, RouletteWheel
23188.0, 1.0406619342271994, 194, 16, 260.0, Ux, 1.0, 0.1, 450, RouletteWheel
23196.0, 1.0406941052130503, 195, 16, 260.0, Ux, 1.0, 0.1, 450, RouletteWheel
23200.0, 1.0408849848235742, 196, 16, 260.0, Ux, 1.0, 0.1, 450, RouletteWheel
23282.0, 1.04091996747617, 197, 16, 260.0, Ux, 1.0, 0.1, 450, RouletteWheel
23292.0, 1.0408011779379447, 198, 16, 260.0, Ux, 1.0, 0.1, 450, RouletteWheel
23308.0, 1.0407018426457257, 199, 16, 260.0, Ux, 1.0, 0.1, 450, RouletteWheel
23310.0, 1.040498333432497, 200, 16, 260.0, Ux, 1.0, 0.1, 450, RouletteWheel
23319.0, 1.040481507398202, 201, 16, 260.0, Ux, 1.0, 0.1, 450, RouletteWheel
23323.0, 1.04098211384685, 202, 16, 260.0, Ux, 1.0, 0.1, 450, RouletteWheel
23323.0, 1.04098211384685, 202, 16, 260.0, Ux, 1.0, 0.1, 450, RouletteWheel
24890.0, 1.0409086849186528, 203, 17, 260.0, Ux, 1.0, 0.1, 450, RouletteWheel
24908.0, 1.0408780363320336, 204, 17, 260.0, Ux, 1.0, 0.1, 450, RouletteWheel
25376.0, 1.0410867880027026, 205, 17, 260.0, Ux, 1.0, 0.1, 450, RouletteWheel
25380.0, 1.040887337575505, 206, 17, 260.0, Ux, 1.0, 0.1, 450, RouletteWheel
25399.0, 1.0408502382686777, 207, 17, 260.0, Ux, 1.0, 0.1, 450, RouletteWheel
25407.0, 1.0406538428923862, 208, 17, 260.0, Ux, 1.0, 0.1, 450, RouletteWheel
25436.0, 1.0406734726338083, 209, 17, 260.0, Ux, 1.0, 0.1, 450, RouletteWheel
25451.0, 1.040579177943693, 210, 17, 260.0, Ux, 1.0, 0.1, 450, RouletteWheel
25454.0, 1.040386859564813, 211, 17, 260.0, Ux, 1.0, 0.1, 450, RouletteWheel
25457.0, 1.0403523993095272, 212, 17, 260.0, Ux, 1.0, 0.1, 450, RouletteWheel
25536.0, 1.0403955024361038, 213, 17, 260.0, Ux, 1.0, 0.1, 450, RouletteWheel
25540.0, 1.0405180178386106, 214, 17, 260.0, Ux, 1.0, 0.1, 450, RouletteWheel
25544.0, 1.0406826323936529, 215, 17, 260.0, Ux, 1.0, 0.1, 450, RouletteWheel
25547.0, 1.0407317953557578, 216, 17, 260.0, Ux, 1.0, 0.1, 450, RouletteWheel
25555.0, 1.0405440912296944, 217, 17, 260.0, Ux, 1.0, 0.1, 450, RouletteWheel
25661.0, 1.0405661491153912, 218, 17, 260.0, Ux, 1.0, 0.1, 450, RouletteWheel
25669.0, 1.0405952318886913, 219, 17, 260.0, Ux, 1.0, 0.1, 450, RouletteWheel
25679.0, 1.0405368593449595, 220, 17, 260.0, Ux, 1.0, 0.1, 450, RouletteWheel
25687.0, 1.0405775253503564, 221, 17, 260.0, Ux, 1.0, 0.1, 450, RouletteWheel
25714.0, 1.0405743431689043, 222, 17, 260.0, Ux, 1.0, 0.1, 450, RouletteWheel
25720.0, 1.0408114206567156, 223, 17, 260.0, Ux, 1.0, 0.1, 450, RouletteWheel
25725.0, 1.0409289738089567, 224, 17, 260.0, Ux, 1.0, 0.1, 450, RouletteWheel
25745.0, 1.0407996426496635, 225, 17, 260.0, Ux, 1.0, 0.1, 450, RouletteWheel
25753.0, 1.0406191132574083, 226, 17, 260.0, Ux, 1.0, 0.1, 450, RouletteWheel
25756.0, 1.0404987119209825, 227, 17, 260.0, Ux, 1.0, 0.1, 450, RouletteWheel
25764.0, 1.0403210859915046, 228, 17, 260.0, Ux, 1.0, 0.1, 450, RouletteWheel
25771.0, 1.0404014929826018, 229, 17, 260.0, Ux, 1.0, 0.1, 450, RouletteWheel
25771.0, 1.0404014929826018, 229, 17, 260.0, Ux, 1.0, 0.1, 450, RouletteWheel
31309.0, 1.0404804269496397, 230, 19, 260.0, Ux, 1.0, 0.1, 450, RouletteWheel
31312.0, 1.0403051870061348, 231, 19, 260.0, Ux, 1.0, 0.1, 450, RouletteWheel
31379.0, 1.0403077481512546, 232, 19, 260.0, Ux, 1.0, 0.1, 450, RouletteWheel
31384.0, 1.0404999796342067, 233, 19, 260.0, Ux, 1.0, 0.1, 450, RouletteWheel
31390.0, 1.0407262302466709, 234, 19, 260.0, Ux, 1.0, 0.1, 450, RouletteWheel
31399.0, 1.0406761513522633, 235, 19, 260.0, Ux, 1.0, 0.1, 450, RouletteWheel
31403.0, 1.0405037947787368, 236, 19, 260.0, Ux, 1.0, 0.1, 450, RouletteWheel
31406.0, 1.040549356118102, 237, 19, 260.0, Ux, 1.0, 0.1, 450, RouletteWheel
31476.0, 1.0404777987758538, 238, 19, 260.0, Ux, 1.0, 0.1, 450, RouletteWheel
31514.0, 1.0404415089690464, 239, 19, 260.0, Ux, 1.0, 0.1, 450, RouletteWheel
31599.0, 1.0404010611466792, 240, 19, 260.0, Ux, 1.0, 0.1, 450, RouletteWheel
31603.0, 1.0405089851608442, 241, 19, 260.0, Ux, 1.0, 0.1, 450, RouletteWheel
31616.0, 1.0405525859359528, 242, 19, 260.0, Ux, 1.0, 0.1, 450, RouletteWheel
31671.0, 1.0405302580767706, 243, 19, 260.0, Ux, 1.0, 0.1, 450, RouletteWheel
31673.0, 1.0405289723906255, 244, 19, 260.0, Ux, 1.0, 0.1, 450, RouletteWheel
31688.0, 1.0404345669478374, 245, 19, 260.0, Ux, 1.0, 0.1, 450, RouletteWheel
31692.0, 1.0405877049231542, 246, 19, 260.0, Ux, 1.0, 0.1, 450, RouletteWheel
31698.0, 1.0406952175621644, 247, 19, 260.0, Ux, 1.0, 0.1, 450, RouletteWheel
31706.0, 1.040730817679001, 248, 19, 260.0, Ux, 1.0, 0.1, 450, RouletteWheel
31711.0, 1.0406719646561167, 249, 19, 260.0, Ux, 1.0, 0.1, 450, RouletteWheel
31754.0, 1.0406223546803177, 250, 19, 260.0, Ux, 1.0, 0.1, 450, RouletteWheel
31758.0, 1.0404605126297986, 251, 19, 260.0, Ux, 1.0, 0.1, 450, RouletteWheel
31762.0, 1.0405642955105239, 252, 19, 260.0, Ux, 1.0, 0.1, 450, RouletteWheel
31780.0, 1.0405409440391318, 253, 19, 260.0, Ux, 1.0, 0.1, 450, RouletteWheel
32625.0, 1.0405120733187505, 254, 19, 260.0, Ux, 1.0, 0.1, 450, RouletteWheel
32644.0, 1.0405364328460978, 255, 19, 260.0, Ux, 1.0, 0.1, 450, RouletteWheel
32651.0, 1.040534734571368, 256, 19, 260.0, Ux, 1.0, 0.1, 450, RouletteWheel
32659.0, 1.0403770118687556, 257, 19, 260.0, Ux, 1.0, 0.1, 450, RouletteWheel
32662.0, 1.0403639300302459, 258, 19, 260.0, Ux, 1.0, 0.1, 450, RouletteWheel
32671.0, 1.0403545182238618, 259, 19, 260.0, Ux, 1.0, 0.1, 450, RouletteWheel
32732.0, 1.040439073460597, 260, 19, 260.0, Ux, 1.0, 0.1, 450, RouletteWheel
32831.0, 1.0404556414369381, 261, 19, 260.0, Ux, 1.0, 0.1, 450, RouletteWheel
32841.0, 1.0404071591118647, 262, 19, 260.0, Ux, 1.0, 0.1, 450, RouletteWheel
32902.0, 1.040425465063498, 263, 19, 260.0, Ux, 1.0, 0.1, 450, RouletteWheel
32909.0, 1.040272338301894, 264, 19, 260.0, Ux, 1.0, 0.1, 450, RouletteWheel
32914.0, 1.0403737382583347, 265, 19, 260.0, Ux, 1.0, 0.1, 450, RouletteWheel
32920.0, 1.0403592085730973, 266, 19, 260.0, Ux, 1.0, 0.1, 450, RouletteWheel
33099.0, 1.0403252126860643, 267, 19, 260.0, Ux, 1.0, 0.1, 450, RouletteWheel
33103.0, 1.040422546775148, 268, 19, 260.0, Ux, 1.0, 0.1, 450, RouletteWheel
33110.0, 1.0405305728490795, 269, 19, 260.0, Ux, 1.0, 0.1, 450, RouletteWheel
33184.0, 1.040535408756748, 270, 19, 260.0, Ux, 1.0, 0.1, 450, RouletteWheel
33235.0, 1.0404901469927246, 271, 19, 260.0, Ux, 1.0, 0.1, 450, RouletteWheel
33238.0, 1.0403412861581924, 272, 19, 260.0, Ux, 1.0, 0.1, 450, RouletteWheel
33245.0, 1.040469100945805, 273, 19, 260.0, Ux, 1.0, 0.1, 450, RouletteWheel
33278.0, 1.0404166016057086, 274, 19, 260.0, Ux, 1.0, 0.1, 450, RouletteWheel
33282.0, 1.0408319089053195, 275, 19, 260.0, Ux, 1.0, 0.1, 450, RouletteWheel
33291.0, 1.0406839672063872, 276, 19, 260.0, Ux, 1.0, 0.1, 450, RouletteWheel
33294.0, 1.040646540400882, 277, 19, 260.0, Ux, 1.0, 0.1, 450, RouletteWheel
33294.0, 1.040646540400882, 277, 19, 260.0, Ux, 1.0, 0.1, 450, RouletteWheel
36022.0, 1.040646540400882, 277, 22, 260.0, Ux, 1.0, 0.1, 450, RouletteWheel
